Theta0_Value,Cost Function
0.0014100719424460432,104.8119733441211
0.0027680055719683247,97.1021672684022
0.004075745938720178,89.96378899494034
0.005335165537301147,83.35474820998529
0.006548067013274341,77.23604558757458
0.00771618576872341,71.57154613889915
0.00884119247061524,66.32776916849312
0.009924695465593969,61.473693620921736
0.010968243104696683,56.98057769071215
0.011973325981350978,52.82179165081831
0.012941379085889184,48.972662931415485
0.013873783879693407,45.410332551721154
0.014771870291969394,42.11362207324975
0.015636918642035348,39.06291030380661
0.016470161489904215,36.24001903796697
0.01727278541783425,33.62810717209191
0.01804593274542298,31.21157258041052
0.01879070318072354,28.9759611836242
0.019508155409769905,26.90788268312667
0.020199308626808594,24.994932472521796
0.020865144007448592,23.22561927388387
0.021506606126858813,21.589298079349398
0.022124604325062993,20.07610800934638
0.022720014021305416,18.676914727234866
0.023293677979387244,17.383257076515743
0.02384640752580241,16.187297631216044
0.024378983722433765,15.081776872719523
0.024892158495504513,14.059970727312791
0.02538665572241669,13.11565121818054
0.02586317227804768,12.243050003621448
0.02632237904201703,11.436824589973678
0.026764921868379525,10.692027023231654
0.027191422519146087,10.00407487769425
0.02760247956298183,9.368724373291451
0.02799866924038028,8.782045465568778
0.02838054629656424,8.240398763738183
0.028748644783317255,7.74041414279617
0.02910347883090455,7.278970925526502
0.02944554339119929,6.853179519302379
0.02977531495308821,6.460364401034278
0.03009325223119069,6.098048351423431
0.030399796828886754,5.763937846922476
0.030695373876612354,5.45590952451597
0.030980392646344508,5.171997640653049
0.031255247143164494,4.910382451428663
0.03152031667475416,4.669379446451703
0.03177596639964846,4.4474293737889985
0.03202254785503673,4.243088997962174
0.0322603994648755,4.055022537226384
0.03248984702904743,3.8819937303004255
0.0327112041942732,3.7228584863696907
0.03292477290745717,3.5765580755677155
0.03313084385212202,3.4421128202786506
0.033329696868563206,3.3186162505096366
0.033521601358330516,3.2052296892759125
0.03370681667362139,3.1011772364378505
0.03388559249214879,3.005741121742775
0.034058169178025566,2.918257399968424
0.034224778129186735,2.838111963051947
0.03438564211185211,2.7647368459297277
0.03454097558251249,2.697606804519839
0.03469098499790493,2.636236145860424
0.034835869113425094,2.580175791882879
0.03497581927040801,2.5290105596569488
0.03511101967269249,2.482356642203513
0.035241647652869,2.439859275137334
0.03536787392859567,2.4011905754829925
0.035489862849353085,2.3660475400090055
0.035607772633994506,2.3341501913535065
0.035721755599434725,2.3052398610751457
0.03583195838080829,2.2790775995601464
0.035938522143415204,2.2554427034553015
0.03604158278676047,2.2341313519813495
0.03614127114098246,2.214955344115666
0.036237713155953886,2.1977409292212067
0.036331030083328934,2.1823277242434878
0.036421338651799404,2.1685677111023502
0.03650875123581341,2.1563243083731565
0.03659337601800041,2.145471511785682
0.03667531714553734,2.1358930984707896
0.03675467488068183,2.1274818902573043
0.036831545745690204,2.1201390716665873
0.036906022662329584,2.113773558572031
0.036978195086185835,2.108301413787007
0.037048149135961474,2.10364530611934
0.03711596771795043,2.0997340096848474
0.0371817306458695,2.0965019405081864
0.03724551475621986,2.0938887276577893
0.0373073940193452,2.091838816364039
0.03736743964634714,2.0903011007574643
0.03742572019201238,2.089228584037546
0.03748230165390045,2.0885780640437828
0.037537247567735126,2.08830984234991
0.03759061909923758,2.088387455140464
Learning Rate,0.0001
